dict: 4
cameraMatrix: [284.754,0,424.625,0,285.696,393.671,0,0,1]
cameraDistCoeffs: [-0.00447487,0.0442774,-0.0414157,0.00747874,0]
id: 0
