dict: 4
cameraMatrix: [287.133,0,423.899,0,286.958,393.717,0,0,1]
cameraDistCoeffs: [-0.00333994,0.0390273,-0.0352159,0.00480504]
id: 0
