dict: 4
cameraMatrix: [286.068,0,423.721,0,285.841,393.719,0,0,1]
cameraDistCoeffs: [-0.00150124,0.033301,-0.0190384,-0.0136023]
id: 0
